[gd_scene format=3 uid="uid://dsv68ptpopthx"]

[node name="Skeleton3D" type="Skeleton3D"]
bones/0/name = "root"
bones/0/parent = -1
bones/0/rest = Transform3D(1, 0, 0, 0, 0.17713, -0.984189, 0, 0.984187, 0.17713, 0, 0.874133, -0.07609)
bones/0/enabled = true
bones/0/position = Vector3(0, 0.874133, -0.07609)
bones/0/rotation = Quaternion(0.641432, 0, 0, 0.76718)
bones/0/scale = Vector3(1, 1, 1)
bones/1/name = "pelvis.L"
bones/1/parent = 0
bones/1/rest = Transform3D(-0.109331, 0.976856, -0.183846, -0.960874, -0.0565096, 0.271159, 0.254494, 0.206299, 0.944814, 0, 0.0919947, -1.88593e-08)
bones/1/enabled = true
bones/1/position = Vector3(0, 0.0919947, -1.88593e-08)
bones/1/rotation = Quaternion(-0.024314, -0.164322, -0.726405, 0.666891)
bones/1/scale = Vector3(1, 1, 1)
bones/2/name = "upperleg01.L"
bones/2/parent = 1
bones/2/rest = Transform3D(-0.101385, 0.238128, 0.965928, 0.980425, 0.188643, 0.0564013, -0.168785, 0.952738, -0.252592, 3.72529e-09, 0.11298, -6.28643e-08)
bones/2/enabled = true
bones/2/position = Vector3(3.72529e-09, 0.11298, -6.28643e-08)
bones/2/rotation = Quaternion(0.490552, 0.621011, 0.406248, 0.4568)
bones/2/scale = Vector3(1, 1, 1)
bones/3/name = "upperleg02.L"
bones/3/parent = 2
bones/3/rest = Transform3D(0.984784, 0.170991, 0.0310311, -0.161392, 0.966084, -0.20158, -0.064447, 0.193504, 0.97898, -8.20364e-10, 0.102276, 2.58733e-08)
bones/3/enabled = true
bones/3/position = Vector3(-8.20364e-10, 0.102276, 2.58733e-08)
bones/3/rotation = Quaternion(0.0996487, 0.0240816, -0.0838342, 0.991192)
bones/3/scale = Vector3(1, 1, 1)
bones/4/name = "lowerleg01.L"
bones/4/parent = 3
bones/4/rest = Transform3D(0.99952, -0.0298407, 0.00837446, 0.0306184, 0.992606, -0.117455, -0.00480759, 0.117655, 0.993043, -1.19908e-08, 0.321641, 4.65661e-10)
bones/4/enabled = true
bones/4/position = Vector3(-1.19908e-08, 0.321641, 4.65661e-10)
bones/4/rotation = Quaternion(0.0588868, 0.00330164, 0.0151429, 0.998144)
bones/4/scale = Vector3(1, 1, 1)
bones/5/name = "lowerleg02.L"
bones/5/parent = 4
bones/5/rest = Transform3D(0.99555, 0.0695766, 0.0635636, -0.0733091, 0.995597, 0.0584067, -0.0592201, -0.0628065, 0.996267, 1.60071e-09, 0.187919, -5.12227e-09)
bones/5/enabled = true
bones/5/position = Vector3(1.60071e-09, 0.187919, -5.12227e-09)
bones/5/rotation = Quaternion(-0.0303511, 0.0307443, -0.0357778, 0.998426)
bones/5/scale = Vector3(1, 1, 1)
bones/6/name = "foot.L"
bones/6/parent = 5
bones/6/rest = Transform3D(0.956484, 0.0037034, -0.291759, 0.26384, 0.416021, 0.870238, 0.124601, -0.909347, 0.396941, -1.01791e-08, 0.194233, -2.09548e-09)
bones/6/enabled = true
bones/6/position = Vector3(-1.01791e-08, 0.194233, -2.09548e-09)
bones/6/rotation = Quaternion(-0.534678, -0.125096, 0.0781584, 0.832083)
bones/6/scale = Vector3(1, 1, 1)
bones/7/name = "toe1-1.L"
bones/7/parent = 6
bones/7/rest = Transform3D(0.719862, -0.0459428, 0.692595, -0.353769, 0.8342, 0.423033, -0.597198, -0.549544, 0.584256, -9.66247e-09, 0.138192, -2.79397e-09)
bones/7/enabled = true
bones/7/position = Vector3(-9.66247e-09, 0.138192, -2.79397e-09)
bones/7/rotation = Quaternion(-0.274502, 0.364034, -0.0868815, 0.885765)
bones/7/scale = Vector3(1, 1, 1)
bones/8/name = "pelvis.R"
bones/8/parent = 0
bones/8/rest = Transform3D(-0.109331, -0.976856, 0.183846, 0.960874, -0.0565096, 0.271159, -0.254494, 0.206299, 0.944814, 0, 0.0919947, -1.88593e-08)
bones/8/enabled = true
bones/8/position = Vector3(0, 0.0919947, -1.88593e-08)
bones/8/rotation = Quaternion(-0.024314, 0.164322, 0.726405, 0.666891)
bones/8/scale = Vector3(1, 1, 1)
bones/9/name = "upperleg01.R"
bones/9/parent = 8
bones/9/rest = Transform3D(-0.101385, -0.238128, -0.965928, -0.980425, 0.188643, 0.0564013, 0.168785, 0.952738, -0.252592, -3.72529e-09, 0.11298, -6.28643e-08)
bones/9/enabled = true
bones/9/position = Vector3(-3.72529e-09, 0.11298, -6.28643e-08)
bones/9/rotation = Quaternion(0.490552, -0.621011, -0.406248, 0.4568)
bones/9/scale = Vector3(1, 1, 1)
bones/10/name = "upperleg02.R"
bones/10/parent = 9
bones/10/rest = Transform3D(0.984784, -0.170991, -0.0310311, 0.161392, 0.966084, -0.20158, 0.064447, 0.193504, 0.97898, 8.20364e-10, 0.102276, 2.58733e-08)
bones/10/enabled = true
bones/10/position = Vector3(8.20364e-10, 0.102276, 2.58733e-08)
bones/10/rotation = Quaternion(0.0996487, -0.0240816, 0.0838342, 0.991192)
bones/10/scale = Vector3(1, 1, 1)
bones/11/name = "lowerleg01.R"
bones/11/parent = 10
bones/11/rest = Transform3D(0.99952, 0.0298407, -0.00837446, -0.0306184, 0.992606, -0.117455, 0.00480759, 0.117655, 0.993043, 1.19908e-08, 0.321641, 4.65661e-10)
bones/11/enabled = true
bones/11/position = Vector3(1.19908e-08, 0.321641, 4.65661e-10)
bones/11/rotation = Quaternion(0.0588868, -0.00330164, -0.0151429, 0.998144)
bones/11/scale = Vector3(1, 1, 1)
bones/12/name = "lowerleg02.R"
bones/12/parent = 11
bones/12/rest = Transform3D(0.99555, -0.0695766, -0.0635636, 0.0733091, 0.995597, 0.0584067, 0.0592201, -0.0628065, 0.996267, -1.60071e-09, 0.187919, -5.12227e-09)
bones/12/enabled = true
bones/12/position = Vector3(-1.60071e-09, 0.187919, -5.12227e-09)
bones/12/rotation = Quaternion(-0.0303511, -0.0307443, 0.0357778, 0.998426)
bones/12/scale = Vector3(1, 1, 1)
bones/13/name = "foot.R"
bones/13/parent = 12
bones/13/rest = Transform3D(0.956484, -0.0037034, 0.291759, -0.26384, 0.416021, 0.870238, -0.124601, -0.909347, 0.396941, 1.01791e-08, 0.194233, -2.09548e-09)
bones/13/enabled = true
bones/13/position = Vector3(1.01791e-08, 0.194233, -2.09548e-09)
bones/13/rotation = Quaternion(-0.534678, 0.125096, -0.0781584, 0.832083)
bones/13/scale = Vector3(1, 1, 1)
bones/14/name = "toe1-1.R"
bones/14/parent = 13
bones/14/rest = Transform3D(0.719862, 0.0459428, -0.692595, 0.353769, 0.8342, 0.423033, 0.597198, -0.549544, 0.584256, 9.66247e-09, 0.138192, -2.79397e-09)
bones/14/enabled = true
bones/14/position = Vector3(9.66247e-09, 0.138192, -2.79397e-09)
bones/14/rotation = Quaternion(-0.274502, -0.364034, 0.0868815, 0.885765)
bones/14/scale = Vector3(1, 1, 1)
bones/15/name = "spine05"
bones/15/parent = 0
bones/15/rest = Transform3D(1, 0, 0, 0, -0.299434, 0.954117, 0, -0.954117, -0.299434, 0, 0.0919947, -1.88593e-08)
bones/15/enabled = true
bones/15/position = Vector3(0, 0.0919947, -1.88593e-08)
bones/15/rotation = Quaternion(-0.80605, 0, 0, 0.591847)
bones/15/scale = Vector3(1, 1, 1)
bones/16/name = "spine04"
bones/16/parent = 15
bones/16/rest = Transform3D(1, 0, 0, 0, 0.676484, -0.736458, 0, 0.736458, 0.676484, 0, 0.0519191, 2.14204e-08)
bones/16/enabled = true
bones/16/position = Vector3(0, 0.0519191, 2.14204e-08)
bones/16/rotation = Quaternion(0.402192, 0, 0, 0.915555)
bones/16/scale = Vector3(1, 1, 1)
bones/17/name = "spine03"
bones/17/parent = 16
bones/17/rest = Transform3D(1, 0, 0, 0, 0.974354, 0.22502, 0, -0.22502, 0.974354, 0, 0.0722532, 9.31323e-10)
bones/17/enabled = true
bones/17/position = Vector3(0, 0.0722532, 9.31323e-10)
bones/17/rotation = Quaternion(-0.113238, 0, 0, 0.993568)
bones/17/scale = Vector3(1, 1, 1)
bones/18/name = "spine02"
bones/18/parent = 17
bones/18/rest = Transform3D(1, 0, 0, 0, 0.94562, 0.325273, 0, -0.325273, 0.94562, 0, 0.0936589, 1.86265e-09)
bones/18/enabled = true
bones/18/position = Vector3(0, 0.0936589, 1.86265e-09)
bones/18/rotation = Quaternion(-0.164894, 0, 0, 0.986311)
bones/18/scale = Vector3(1, 1, 1)
bones/19/name = "breast.L"
bones/19/parent = 18
bones/19/rest = Transform3D(-0.704994, 0.416896, 0.573743, 0.39311, -0.44363, 0.805392, 0.590295, 0.793341, 0.148871, 0, 0.156719, -1.16415e-08)
bones/19/enabled = true
bones/19/position = Vector3(0, 0.156719, -1.16415e-08)
bones/19/rotation = Quaternion(-0.383981, -0.527374, -0.757875, 0.00784657)
bones/19/scale = Vector3(1, 1, 1)
bones/20/name = "breast.R"
bones/20/parent = 18
bones/20/rest = Transform3D(-0.704994, -0.416896, -0.573743, -0.39311, -0.44363, 0.805392, -0.590295, 0.793341, 0.148871, 0, 0.156719, -1.16415e-08)
bones/20/enabled = true
bones/20/position = Vector3(0, 0.156719, -1.16415e-08)
bones/20/rotation = Quaternion(-0.383981, 0.527374, 0.757875, 0.00784657)
bones/20/scale = Vector3(1, 1, 1)
bones/21/name = "spine01"
bones/21/parent = 18
bones/21/rest = Transform3D(1, 0, 0, 0, 0.95487, -0.297025, 0, 0.297025, 0.954869, 0, 0.156719, -1.16415e-08)
bones/21/enabled = true
bones/21/position = Vector3(0, 0.156719, -1.16415e-08)
bones/21/rotation = Quaternion(0.150217, 0, 0, 0.988653)
bones/21/scale = Vector3(1, 1, 1)
bones/22/name = "clavicle.L"
bones/22/parent = 21
bones/22/rest = Transform3D(0.330138, 0.923882, 0.193524, -0.943278, 0.315269, 0.104075, 0.0351404, -0.216906, 0.97556, 0.026555, 0.0927398, 0.0685818)
bones/22/enabled = true
bones/22/position = Vector3(0.026555, 0.0927398, 0.0685818)
bones/22/rotation = Quaternion(-0.0991328, 0.0489157, -0.576661, 0.80947)
bones/22/scale = Vector3(1, 1, 1)
bones/23/name = "shoulder01.L"
bones/23/parent = 22
bones/23/rest = Transform3D(0.677535, 0.657362, 0.329881, -0.732549, 0.643215, 0.222817, -0.065713, -0.39262, 0.91735, -8.00937e-08, 0.0993417, -7.45058e-09)
bones/23/enabled = true
bones/23/position = Vector3(-8.00937e-08, 0.0993417, -7.45058e-09)
bones/23/rotation = Quaternion(-0.171005, 0.109919, -0.386199, 0.899736)
bones/23/scale = Vector3(1, 1, 1)
bones/24/name = "upperarm01.L"
bones/24/parent = 23
bones/24/rest = Transform3D(0.930081, 0.366308, -0.0277099, -0.314211, 0.754184, -0.576609, -0.190318, 0.544999, 0.81655, -8.46921e-08, 0.0671535, 2.23517e-08)
bones/24/enabled = true
bones/24/position = Vector3(-8.46921e-08, 0.0671535, 2.23517e-08)
bones/24/rotation = Quaternion(0.299727, 0.0434538, -0.181855, 0.935523)
bones/24/scale = Vector3(1, 1, 1)
bones/25/name = "upperarm02.L"
bones/25/parent = 24
bones/25/rest = Transform3D(0.998432, 0.0251996, -0.0499848, -0.0195034, 0.993591, 0.11134, 0.0524702, -0.11019, 0.992525, -8.62638e-08, 0.0736611, -2.56114e-09)
bones/25/enabled = true
bones/25/position = Vector3(-8.62638e-08, 0.0736611, -2.56114e-09)
bones/25/rotation = Quaternion(-0.0554898, -0.0256634, -0.0111974, 0.998067)
bones/25/scale = Vector3(1, 1, 1)
bones/26/name = "lowerarm01.L"
bones/26/parent = 25
bones/26/rest = Transform3D(0.995564, -0.00112179, 0.0940846, 0.0714708, 0.659372, -0.748412, -0.0611972, 0.751816, 0.656527, -9.42964e-09, 0.154273, 3.72529e-09)
bones/26/enabled = true
bones/26/position = Vector3(-9.42964e-09, 0.154273, 3.72529e-09)
bones/26/rotation = Quaternion(0.412209, 0.0426659, 0.0199458, 0.909871)
bones/26/scale = Vector3(1, 1, 1)
bones/27/name = "lowerarm02.L"
bones/27/parent = 26
bones/27/rest = Transform3D(0.97633, -0.0823095, 0.200011, 0.0804081, 0.996606, 0.0176256, -0.200783, -0.00112598, 0.979635, 8.61473e-09, 0.112683, -3.72529e-08)
bones/27/enabled = true
bones/27/position = Vector3(8.61473e-09, 0.112683, -3.72529e-08)
bones/27/rotation = Quaternion(-0.00471595, 0.100798, 0.0409227, 0.994054)
bones/27/scale = Vector3(1, 1, 1)
bones/28/name = "wrist.L"
bones/28/parent = 27
bones/28/rest = Transform3D(0.0596288, 0.598475, -0.79892, -0.339406, 0.764816, 0.547595, 0.938748, 0.238506, 0.248731, -1.02445e-08, 0.113824, -2.23517e-08)
bones/28/enabled = true
bones/28/position = Vector3(-1.02445e-08, 0.113824, -2.23517e-08)
bones/28/rotation = Quaternion(-0.107334, -0.603419, -0.325686, 0.719926)
bones/28/scale = Vector3(1, 1, 1)
bones/29/name = "finger1-1.L"
bones/29/parent = 28
bones/29/rest = Transform3D(-0.409723, 0.583818, -0.700916, 0.0526364, 0.782222, 0.620772, 0.91069, 0.217451, -0.351224, 0.0180212, 0.0372124, 0.00821647)
bones/29/enabled = true
bones/29/position = Vector3(0.0180212, 0.0372124, 0.00821647)
bones/29/rotation = Quaternion(-0.199549, -0.797366, -0.26281, 0.505291)
bones/29/scale = Vector3(1, 1, 1)
bones/30/name = "finger1-2.L"
bones/30/parent = 29
bones/30/rest = Transform3D(0.999742, -0.00888943, 0.0208797, 0.0134618, 0.973026, -0.230302, -0.0182692, 0.230524, 0.972895, 1.49012e-08, 0.0263927, -9.31323e-09)
bones/30/enabled = true
bones/30/position = Vector3(1.49012e-08, 0.0263927, -9.31323e-09)
bones/30/rotation = Quaternion(0.115997, 0.0098544, 0.00562614, 0.993185)
bones/30/scale = Vector3(1, 1, 1)
bones/31/name = "finger1-3.L"
bones/31/parent = 30
bones/31/rest = Transform3D(0.832556, -0.0099701, -0.553852, -0.0315356, 0.997363, -0.0653586, 0.553043, 0.0718808, 0.830046, -8.9407e-08, 0.0359245, -3.72529e-08)
bones/31/enabled = true
bones/31/position = Vector3(-8.9407e-08, 0.0359245, -3.72529e-08)
bones/31/rotation = Quaternion(0.0358683, -0.289293, -0.00563627, 0.956552)
bones/31/scale = Vector3(1, 1, 1)
bones/32/name = "metacarpal1.L"
bones/32/parent = 28
bones/32/rest = Transform3D(-0.945537, 0.0355811, -0.323563, -0.164189, 0.806165, 0.568454, 0.281072, 0.59062, -0.756417, 4.47035e-08, 0.0310278, 1.11759e-07)
bones/32/enabled = true
bones/32/position = Vector3(4.47035e-08, 0.0310278, 1.11759e-07)
bones/32/rotation = Quaternion(0.0343321, -0.936499, -0.309417, 0.161408)
bones/32/scale = Vector3(1, 1, 1)
bones/33/name = "finger2-1.L"
bones/33/parent = 32
bones/33/rest = Transform3D(0.949752, -0.051007, -0.30882, -0.0487249, 0.950512, -0.306844, 0.309188, 0.306473, 0.900265, 7.45058e-09, 0.0732503, 2.6077e-08)
bones/33/enabled = true
bones/33/position = Vector3(7.45058e-09, 0.0732503, 2.6077e-08)
bones/33/rotation = Quaternion(0.157301, -0.158505, 0.000585303, 0.974747)
bones/33/scale = Vector3(1, 1, 1)
bones/34/name = "finger2-2.L"
bones/34/parent = 33
bones/34/rest = Transform3D(0.999796, -0.0154, 0.0130266, 0.0176771, 0.98001, -0.198162, -0.00971452, 0.198352, 0.980083, -5.96046e-08, 0.0251998, 0)
bones/34/enabled = true
bones/34/position = Vector3(-5.96046e-08, 0.0251998, 0)
bones/34/rotation = Quaternion(0.0996293, 0.00571401, 0.00831104, 0.994974)
bones/34/scale = Vector3(1, 1, 1)
bones/35/name = "finger2-3.L"
bones/35/parent = 34
bones/35/rest = Transform3D(0.985278, -0.0115701, 0.170569, 0.0167839, 0.999434, -0.0291566, -0.170135, 0.0315902, 0.984914, 3.72529e-08, 0.0226366, -8.9407e-08)
bones/35/enabled = true
bones/35/position = Vector3(3.72529e-08, 0.0226366, -8.9407e-08)
bones/35/rotation = Quaternion(0.0152447, 0.0855012, 0.00711558, 0.996196)
bones/35/scale = Vector3(1, 1, 1)
bones/36/name = "metacarpal2.L"
bones/36/parent = 28
bones/36/rest = Transform3D(-0.946315, -0.28476, 0.152968, -0.165086, 0.832612, 0.528681, -0.27791, 0.475046, -0.834924, 4.47035e-08, 0.0310278, 1.11759e-07)
bones/36/enabled = true
bones/36/position = Vector3(4.47035e-08, 0.0310278, 1.11759e-07)
bones/36/rotation = Quaternion(-0.118317, 0.950507, 0.263998, 0.113329)
bones/36/scale = Vector3(1, 1, 1)
bones/37/name = "finger3-1.L"
bones/37/parent = 36
bones/37/rest = Transform3D(0.952289, 0.0531548, 0.300534, 0.0189064, 0.972551, -0.231921, -0.304612, 0.226538, 0.925144, -1.49012e-08, 0.0690459, -6.70552e-08)
bones/37/enabled = true
bones/37/position = Vector3(-1.49012e-08, 0.0690459, -6.70552e-08)
bones/37/rotation = Quaternion(0.116827, 0.154206, -0.00872731, 0.981069)
bones/37/scale = Vector3(1, 1, 1)
bones/38/name = "finger3-2.L"
bones/38/parent = 37
bones/38/rest = Transform3D(0.972319, -0.129487, -0.194499, 0.0952876, 0.979779, -0.175935, 0.213347, 0.152531, 0.964996, 2.79397e-08, 0.0318435, 0)
bones/38/enabled = true
bones/38/position = Vector3(2.79397e-08, 0.0318435, 0)
bones/38/rotation = Quaternion(0.082981, -0.103035, 0.0567853, 0.989582)
bones/38/scale = Vector3(1, 1, 1)
bones/39/name = "finger3-3.L"
bones/39/parent = 38
bones/39/rest = Transform3D(0.972408, 0.0260586, 0.231827, -0.0243632, 0.999651, -0.0101734, -0.232012, 0.00424467, 0.972704, -1.49012e-08, 0.0249746, -2.23517e-08)
bones/39/enabled = true
bones/39/position = Vector3(-1.49012e-08, 0.0249746, -2.23517e-08)
bones/39/rotation = Quaternion(0.00362968, 0.116769, -0.0126934, 0.993071)
bones/39/scale = Vector3(1, 1, 1)
bones/40/name = "metacarpal3.L"
bones/40/parent = 28
bones/40/rest = Transform3D(-0.955406, -0.295245, -0.00546996, -0.245803, 0.784873, 0.568819, -0.163648, 0.544798, -0.822444, -0.0191429, 0.035023, -0.00695534)
bones/40/enabled = true
bones/40/position = Vector3(-0.0191429, 0.035023, -0.00695534)
bones/40/rotation = Quaternion(-0.143323, 0.943759, 0.294995, 0.0419011)
bones/40/scale = Vector3(1, 1, 1)
bones/41/name = "finger4-1.L"
bones/41/parent = 40
bones/41/rest = Transform3D(0.984357, 0.171235, 0.0414599, -0.146207, 0.925242, -0.350073, -0.0983054, 0.338536, 0.935804, -1.49012e-08, 0.0583116, -4.09782e-08)
bones/41/enabled = true
bones/41/position = Vector3(-1.49012e-08, 0.0583116, -4.09782e-08)
bones/41/rotation = Quaternion(0.175579, 0.0356368, -0.0809402, 0.980485)
bones/41/scale = Vector3(1, 1, 1)
bones/42/name = "finger4-2.L"
bones/42/parent = 41
bones/42/rest = Transform3D(0.98087, -0.127631, -0.146984, 0.0977906, 0.975944, -0.194858, 0.168319, 0.176756, 0.969756, 5.96046e-08, 0.0281657, -5.21541e-08)
bones/42/enabled = true
bones/42/position = Vector3(5.96046e-08, 0.0281657, -5.21541e-08)
bones/42/rotation = Quaternion(0.0937681, -0.0795594, 0.0568799, 0.990779)
bones/42/scale = Vector3(1, 1, 1)
bones/43/name = "finger4-3.L"
bones/43/parent = 42
bones/43/rest = Transform3D(0.981529, 0.0542275, 0.183468, -0.0529669, 0.998527, -0.0117681, -0.183836, 0.00183299, 0.982955, 2.98023e-08, 0.0236902, -5.21541e-08)
bones/43/enabled = true
bones/43/position = Vector3(2.98023e-08, 0.0236902, -5.21541e-08)
bones/43/rotation = Quaternion(0.00341611, 0.0922537, -0.0269234, 0.995366)
bones/43/scale = Vector3(1, 1, 1)
bones/44/name = "metacarpal4.L"
bones/44/parent = 28
bones/44/rest = Transform3D(-0.801119, -0.595976, 0.0549647, -0.488321, 0.703972, 0.515719, -0.346049, 0.386312, -0.854993, -0.0191429, 0.035023, -0.00695534)
bones/44/enabled = true
bones/44/position = Vector3(-0.0191429, 0.035023, -0.00695534)
bones/44/rotation = Quaternion(-0.295763, 0.916527, 0.246046, 0.109384)
bones/44/scale = Vector3(1, 1, 1)
bones/45/name = "finger5-1.L"
bones/45/parent = 44
bones/45/rest = Transform3D(0.978022, -0.104881, -0.180203, 0.014889, 0.897198, -0.441378, 0.20797, 0.428994, 0.879041, 0, 0.052855, 2.6077e-08)
bones/45/enabled = true
bones/45/position = Vector3(0, 0.052855, 2.6077e-08)
bones/45/rotation = Quaternion(0.224601, -0.100169, 0.030907, 0.968796)
bones/45/scale = Vector3(1, 1, 1)
bones/46/name = "finger5-2.L"
bones/46/parent = 45
bones/46/rest = Transform3D(0.999412, 0.00122585, 0.0342739, 0.00347303, 0.990606, -0.136702, -0.0341195, 0.136741, 0.990019, -1.49012e-08, 0.0215191, -2.6077e-08)
bones/46/enabled = true
bones/46/position = Vector3(-1.49012e-08, 0.0215191, -2.6077e-08)
bones/46/rotation = Quaternion(0.0685321, 0.0171412, 0.000563203, 0.997501)
bones/46/scale = Vector3(1, 1, 1)
bones/47/name = "finger5-3.L"
bones/47/parent = 46
bones/47/rest = Transform3D(0.997871, 0.0290019, -0.0584162, -0.0304753, 0.999235, -0.0244913, 0.0576613, 0.0262194, 0.997992, 0, 0.0142034, -2.6077e-08)
bones/47/enabled = true
bones/47/position = Vector3(0, 0.0142034, -2.6077e-08)
bones/47/rotation = Quaternion(0.0126855, -0.0290372, -0.0148784, 0.999387)
bones/47/scale = Vector3(1, 1, 1)
bones/48/name = "clavicle.R"
bones/48/parent = 21
bones/48/rest = Transform3D(0.330138, -0.923882, -0.193524, 0.943278, 0.315269, 0.104075, -0.0351404, -0.216906, 0.97556, -0.026555, 0.0927398, 0.0685818)
bones/48/enabled = true
bones/48/position = Vector3(-0.026555, 0.0927398, 0.0685818)
bones/48/rotation = Quaternion(-0.0991328, -0.0489157, 0.576661, 0.80947)
bones/48/scale = Vector3(1, 1, 1)
bones/49/name = "shoulder01.R"
bones/49/parent = 48
bones/49/rest = Transform3D(0.677535, -0.657362, -0.329881, 0.732549, 0.643215, 0.222817, 0.065713, -0.39262, 0.91735, 8.00937e-08, 0.0993417, -7.45058e-09)
bones/49/enabled = true
bones/49/position = Vector3(8.00937e-08, 0.0993417, -7.45058e-09)
bones/49/rotation = Quaternion(-0.171005, -0.109919, 0.386199, 0.899736)
bones/49/scale = Vector3(1, 1, 1)
bones/50/name = "upperarm01.R"
bones/50/parent = 49
bones/50/rest = Transform3D(0.930081, -0.366308, 0.0277099, 0.314211, 0.754184, -0.576609, 0.190318, 0.544999, 0.81655, 8.46921e-08, 0.0671535, 2.23517e-08)
bones/50/enabled = true
bones/50/position = Vector3(8.46921e-08, 0.0671535, 2.23517e-08)
bones/50/rotation = Quaternion(0.299727, -0.0434538, 0.181855, 0.935523)
bones/50/scale = Vector3(1, 1, 1)
bones/51/name = "upperarm02.R"
bones/51/parent = 50
bones/51/rest = Transform3D(0.998432, -0.0251996, 0.0499848, 0.0195034, 0.993591, 0.11134, -0.0524702, -0.11019, 0.992525, 8.62638e-08, 0.0736611, -2.56114e-09)
bones/51/enabled = true
bones/51/position = Vector3(8.62638e-08, 0.0736611, -2.56114e-09)
bones/51/rotation = Quaternion(-0.0554898, 0.0256634, 0.0111974, 0.998067)
bones/51/scale = Vector3(1, 1, 1)
bones/52/name = "lowerarm01.R"
bones/52/parent = 51
bones/52/rest = Transform3D(0.995564, 0.00112179, -0.0940846, -0.0714708, 0.659372, -0.748412, 0.0611972, 0.751816, 0.656527, 9.42964e-09, 0.154273, 3.72529e-09)
bones/52/enabled = true
bones/52/position = Vector3(9.42964e-09, 0.154273, 3.72529e-09)
bones/52/rotation = Quaternion(0.412209, -0.0426659, -0.0199458, 0.909871)
bones/52/scale = Vector3(1, 1, 1)
bones/53/name = "lowerarm02.R"
bones/53/parent = 52
bones/53/rest = Transform3D(0.97633, 0.0823095, -0.200011, -0.0804081, 0.996606, 0.0176256, 0.200783, -0.00112598, 0.979635, -8.61473e-09, 0.112683, -3.72529e-08)
bones/53/enabled = true
bones/53/position = Vector3(-8.61473e-09, 0.112683, -3.72529e-08)
bones/53/rotation = Quaternion(-0.00471595, -0.100798, -0.0409227, 0.994054)
bones/53/scale = Vector3(1, 1, 1)
bones/54/name = "wrist.R"
bones/54/parent = 53
bones/54/rest = Transform3D(0.0596288, -0.598475, 0.79892, 0.339406, 0.764816, 0.547595, -0.938748, 0.238506, 0.248731, 1.02445e-08, 0.113824, -2.23517e-08)
bones/54/enabled = true
bones/54/position = Vector3(1.02445e-08, 0.113824, -2.23517e-08)
bones/54/rotation = Quaternion(-0.107334, 0.603419, 0.325686, 0.719926)
bones/54/scale = Vector3(1, 1, 1)
bones/55/name = "finger1-1.R"
bones/55/parent = 54
bones/55/rest = Transform3D(-0.409723, -0.583818, 0.700916, -0.0526364, 0.782222, 0.620772, -0.91069, 0.217451, -0.351224, -0.0180212, 0.0372124, 0.00821647)
bones/55/enabled = true
bones/55/position = Vector3(-0.0180212, 0.0372124, 0.00821647)
bones/55/rotation = Quaternion(-0.199549, 0.797366, 0.26281, 0.505291)
bones/55/scale = Vector3(1, 1, 1)
bones/56/name = "finger1-2.R"
bones/56/parent = 55
bones/56/rest = Transform3D(0.999742, 0.00888943, -0.0208797, -0.0134618, 0.973026, -0.230302, 0.0182692, 0.230524, 0.972895, -1.49012e-08, 0.0263927, -9.31323e-09)
bones/56/enabled = true
bones/56/position = Vector3(-1.49012e-08, 0.0263927, -9.31323e-09)
bones/56/rotation = Quaternion(0.115997, -0.0098544, -0.00562614, 0.993185)
bones/56/scale = Vector3(1, 1, 1)
bones/57/name = "finger1-3.R"
bones/57/parent = 56
bones/57/rest = Transform3D(0.832556, 0.0099701, 0.553852, 0.0315356, 0.997363, -0.0653586, -0.553043, 0.0718808, 0.830046, 8.9407e-08, 0.0359245, -3.72529e-08)
bones/57/enabled = true
bones/57/position = Vector3(8.9407e-08, 0.0359245, -3.72529e-08)
bones/57/rotation = Quaternion(0.0358683, 0.289293, 0.00563627, 0.956552)
bones/57/scale = Vector3(1, 1, 1)
bones/58/name = "metacarpal1.R"
bones/58/parent = 54
bones/58/rest = Transform3D(-0.945537, -0.0355811, 0.323563, 0.164189, 0.806165, 0.568454, -0.281072, 0.59062, -0.756417, -4.47035e-08, 0.0310278, 1.11759e-07)
bones/58/enabled = true
bones/58/position = Vector3(-4.47035e-08, 0.0310278, 1.11759e-07)
bones/58/rotation = Quaternion(0.0343321, 0.936499, 0.309417, 0.161408)
bones/58/scale = Vector3(1, 1, 1)
bones/59/name = "finger2-1.R"
bones/59/parent = 58
bones/59/rest = Transform3D(0.949752, 0.051007, 0.30882, 0.0487249, 0.950512, -0.306844, -0.309188, 0.306473, 0.900265, -7.45058e-09, 0.0732503, 2.6077e-08)
bones/59/enabled = true
bones/59/position = Vector3(-7.45058e-09, 0.0732503, 2.6077e-08)
bones/59/rotation = Quaternion(0.157301, 0.158505, -0.000585303, 0.974747)
bones/59/scale = Vector3(1, 1, 1)
bones/60/name = "finger2-2.R"
bones/60/parent = 59
bones/60/rest = Transform3D(0.999796, 0.0154, -0.0130266, -0.0176771, 0.98001, -0.198162, 0.00971452, 0.198352, 0.980083, 5.96046e-08, 0.0251998, 0)
bones/60/enabled = true
bones/60/position = Vector3(5.96046e-08, 0.0251998, 0)
bones/60/rotation = Quaternion(0.0996293, -0.00571401, -0.00831104, 0.994974)
bones/60/scale = Vector3(1, 1, 1)
bones/61/name = "finger2-3.R"
bones/61/parent = 60
bones/61/rest = Transform3D(0.985278, 0.0115701, -0.170569, -0.0167839, 0.999434, -0.0291566, 0.170135, 0.0315902, 0.984914, -3.72529e-08, 0.0226366, -8.9407e-08)
bones/61/enabled = true
bones/61/position = Vector3(-3.72529e-08, 0.0226366, -8.9407e-08)
bones/61/rotation = Quaternion(0.0152447, -0.0855012, -0.00711558, 0.996196)
bones/61/scale = Vector3(1, 1, 1)
bones/62/name = "metacarpal2.R"
bones/62/parent = 54
bones/62/rest = Transform3D(-0.946315, 0.28476, -0.152968, 0.165086, 0.832612, 0.528681, 0.27791, 0.475046, -0.834924, -4.47035e-08, 0.0310278, 1.11759e-07)
bones/62/enabled = true
bones/62/position = Vector3(-4.47035e-08, 0.0310278, 1.11759e-07)
bones/62/rotation = Quaternion(-0.118317, -0.950507, -0.263998, 0.113329)
bones/62/scale = Vector3(1, 1, 1)
bones/63/name = "finger3-1.R"
bones/63/parent = 62
bones/63/rest = Transform3D(0.952289, -0.0531548, -0.300534, -0.0189064, 0.972551, -0.231921, 0.304612, 0.226538, 0.925144, 1.49012e-08, 0.0690459, -6.70552e-08)
bones/63/enabled = true
bones/63/position = Vector3(1.49012e-08, 0.0690459, -6.70552e-08)
bones/63/rotation = Quaternion(0.116827, -0.154206, 0.00872731, 0.981069)
bones/63/scale = Vector3(1, 1, 1)
bones/64/name = "finger3-2.R"
bones/64/parent = 63
bones/64/rest = Transform3D(0.972319, 0.129487, 0.194499, -0.0952876, 0.979779, -0.175935, -0.213347, 0.152531, 0.964996, -2.79397e-08, 0.0318435, 0)
bones/64/enabled = true
bones/64/position = Vector3(-2.79397e-08, 0.0318435, 0)
bones/64/rotation = Quaternion(0.082981, 0.103035, -0.0567853, 0.989582)
bones/64/scale = Vector3(1, 1, 1)
bones/65/name = "finger3-3.R"
bones/65/parent = 64
bones/65/rest = Transform3D(0.972408, -0.0260586, -0.231827, 0.0243632, 0.999651, -0.0101734, 0.232012, 0.00424467, 0.972704, 1.49012e-08, 0.0249746, -2.23517e-08)
bones/65/enabled = true
bones/65/position = Vector3(1.49012e-08, 0.0249746, -2.23517e-08)
bones/65/rotation = Quaternion(0.00362968, -0.116769, 0.0126934, 0.993071)
bones/65/scale = Vector3(1, 1, 1)
bones/66/name = "metacarpal3.R"
bones/66/parent = 54
bones/66/rest = Transform3D(-0.955406, 0.295245, 0.00546996, 0.245803, 0.784873, 0.568819, 0.163648, 0.544798, -0.822444, 0.0191429, 0.035023, -0.00695534)
bones/66/enabled = true
bones/66/position = Vector3(0.0191429, 0.035023, -0.00695534)
bones/66/rotation = Quaternion(-0.143323, -0.943759, -0.294995, 0.0419011)
bones/66/scale = Vector3(1, 1, 1)
bones/67/name = "finger4-1.R"
bones/67/parent = 66
bones/67/rest = Transform3D(0.984357, -0.171235, -0.0414599, 0.146207, 0.925242, -0.350073, 0.0983054, 0.338536, 0.935804, 1.49012e-08, 0.0583116, -4.09782e-08)
bones/67/enabled = true
bones/67/position = Vector3(1.49012e-08, 0.0583116, -4.09782e-08)
bones/67/rotation = Quaternion(0.175579, -0.0356368, 0.0809402, 0.980485)
bones/67/scale = Vector3(1, 1, 1)
bones/68/name = "finger4-2.R"
bones/68/parent = 67
bones/68/rest = Transform3D(0.98087, 0.127631, 0.146984, -0.0977906, 0.975944, -0.194858, -0.168319, 0.176756, 0.969756, -5.96046e-08, 0.0281657, -5.21541e-08)
bones/68/enabled = true
bones/68/position = Vector3(-5.96046e-08, 0.0281657, -5.21541e-08)
bones/68/rotation = Quaternion(0.0937681, 0.0795594, -0.0568799, 0.990779)
bones/68/scale = Vector3(1, 1, 1)
bones/69/name = "finger4-3.R"
bones/69/parent = 68
bones/69/rest = Transform3D(0.981529, -0.0542275, -0.183468, 0.0529669, 0.998527, -0.0117681, 0.183836, 0.00183299, 0.982955, -2.98023e-08, 0.0236902, -5.21541e-08)
bones/69/enabled = true
bones/69/position = Vector3(-2.98023e-08, 0.0236902, -5.21541e-08)
bones/69/rotation = Quaternion(0.00341611, -0.0922537, 0.0269234, 0.995366)
bones/69/scale = Vector3(1, 1, 1)
bones/70/name = "metacarpal4.R"
bones/70/parent = 54
bones/70/rest = Transform3D(-0.801119, 0.595976, -0.0549647, 0.488321, 0.703972, 0.515719, 0.346049, 0.386312, -0.854993, 0.0191429, 0.035023, -0.00695534)
bones/70/enabled = true
bones/70/position = Vector3(0.0191429, 0.035023, -0.00695534)
bones/70/rotation = Quaternion(-0.295763, -0.916527, -0.246046, 0.109384)
bones/70/scale = Vector3(1, 1, 1)
bones/71/name = "finger5-1.R"
bones/71/parent = 70
bones/71/rest = Transform3D(0.978022, 0.104881, 0.180203, -0.014889, 0.897198, -0.441378, -0.20797, 0.428994, 0.879041, 0, 0.052855, 2.6077e-08)
bones/71/enabled = true
bones/71/position = Vector3(0, 0.052855, 2.6077e-08)
bones/71/rotation = Quaternion(0.224601, 0.100169, -0.030907, 0.968796)
bones/71/scale = Vector3(1, 1, 1)
bones/72/name = "finger5-2.R"
bones/72/parent = 71
bones/72/rest = Transform3D(0.999412, -0.00122585, -0.0342739, -0.00347303, 0.990606, -0.136702, 0.0341195, 0.136741, 0.990019, 1.49012e-08, 0.0215191, -2.6077e-08)
bones/72/enabled = true
bones/72/position = Vector3(1.49012e-08, 0.0215191, -2.6077e-08)
bones/72/rotation = Quaternion(0.0685321, -0.0171412, -0.000563203, 0.997501)
bones/72/scale = Vector3(1, 1, 1)
bones/73/name = "finger5-3.R"
bones/73/parent = 72
bones/73/rest = Transform3D(0.997871, -0.0290019, 0.0584162, 0.0304753, 0.999235, -0.0244913, -0.0576613, 0.0262194, 0.997992, 0, 0.0142034, -2.6077e-08)
bones/73/enabled = true
bones/73/position = Vector3(0, 0.0142034, -2.6077e-08)
bones/73/rotation = Quaternion(0.0126855, 0.0290372, 0.0148784, 0.999387)
bones/73/scale = Vector3(1, 1, 1)
bones/74/name = "neck01"
bones/74/parent = 21
bones/74/rest = Transform3D(0.998766, -0.0321124, 0.0378809, 0.0348782, 0.996591, -0.0747659, -0.0353509, 0.0759949, 0.996481, 0, 0.15679, -1.86265e-09)
bones/74/enabled = true
bones/74/position = Vector3(0, 0.15679, -1.86265e-09)
bones/74/rotation = Quaternion(0.0377287, 0.0183267, 0.0167647, 0.998979)
bones/74/scale = Vector3(1, 1, 1)
bones/75/name = "neck02"
bones/75/parent = 74
bones/75/rest = Transform3D(0.996166, 0.0621825, -0.0615314, -0.0549371, 0.992058, 0.113149, 0.0680786, -0.109335, 0.991671, -4.94765e-09, 0.0312964, -3.46699e-09)
bones/75/enabled = true
bones/75/position = Vector3(-4.94765e-09, 0.0312964, -3.46699e-09)
bones/75/rotation = Quaternion(-0.0557613, -0.0324843, -0.0293538, 0.997484)
bones/75/scale = Vector3(1, 1, 1)
bones/76/name = "neck03"
bones/76/parent = 75
bones/76/rest = Transform3D(0.998708, -0.0349688, 0.0368829, 0.0349781, 0.999388, 0.000391247, -0.036874, 0.000899355, 0.999319, 1.30967e-09, 0.048455, -8.22547e-09)
bones/76/enabled = true
bones/76/position = Vector3(1.30967e-09, 0.048455, -8.22547e-09)
bones/76/rotation = Quaternion(0.000127068, 0.0184452, 0.0174924, 0.999677)
bones/76/scale = Vector3(1, 1, 1)
bones/77/name = "head"
bones/77/parent = 76
bones/77/rest = Transform3D(0.999917, 0.00983331, -0.00835221, -0.00887757, 0.994151, 0.107632, 0.00936174, -0.107549, 0.994156, -1.73166e-09, 0.0292872, 9.31105e-09)
bones/77/enabled = true
bones/77/position = Vector3(-1.73166e-09, 0.0292872, 9.31105e-09)
bones/77/rotation = Quaternion(-0.0538747, -0.00443502, -0.00468462, 0.998527)
bones/77/scale = Vector3(1, 1, 1)
bones/78/name = "jaw"
bones/78/parent = 77
bones/78/rest = Transform3D(1, -7.77134e-10, -1.70872e-09, -1.62981e-09, -0.811076, -0.584941, -9.31323e-10, 0.584941, -0.811076, -2.08036e-10, -0.0116355, 0.0475047)
bones/78/enabled = true
bones/78/position = Vector3(-2.08036e-10, -0.0116355, 0.0475047)
bones/78/rotation = Quaternion(0.951598, -6.32344e-10, -6.93581e-10, 0.307347)
bones/78/scale = Vector3(1, 1, 1)
bones/79/name = "special04"
bones/79/parent = 78
bones/79/rest = Transform3D(-1, 0, -1.50996e-07, 1.3251e-07, 0.47944, -0.877575, 7.23934e-08, -0.877575, -0.47944, 1.32471e-17, 0.0937498, 2.98023e-08)
bones/79/enabled = true
bones/79/position = Vector3(1.32471e-17, 0.0937498, 2.98023e-08)
bones/79/rotation = Quaternion(-3.85172e-08, -0.86007, 0.510176, 6.49335e-08)
bones/79/scale = Vector3(1, 1, 1)
bones/80/name = "oris02"
bones/80/parent = 79
bones/80/rest = Transform3D(-1, -1.35004e-07, 6.7628e-08, 0, 0.44788, 0.894094, -1.50996e-07, 0.894094, -0.44788, 9.32587e-15, 0.0197423, 5.58794e-09)
bones/80/enabled = true
bones/80/position = Vector3(9.32587e-15, 0.0197423, 5.58794e-09)
bones/80/rotation = Quaternion(-3.96677e-08, 0.850847, 0.525414, 6.42371e-08)
bones/80/scale = Vector3(1, 1, 1)
bones/81/name = "oris01"
bones/81/parent = 80
bones/81/rest = Transform3D(1, 1.15607e-15, -2.76375e-14, -1.66318e-16, 0.999359, 0.0357852, 2.76612e-14, -0.0357852, 0.999359, -1.46931e-17, 0.0278786, 5.96046e-08)
bones/81/enabled = true
bones/81/position = Vector3(-1.46931e-17, 0.0278786, 5.96046e-08)
bones/81/rotation = Quaternion(-0.0178955, -1.38269e-14, -3.3065e-16, 0.99984)
bones/81/scale = Vector3(1, 1, 1)
bones/82/name = "oris06.L"
bones/82/parent = 79
bones/82/rest = Transform3D(0.520482, -0.504246, 0.689082, 0.853835, 0.299842, -0.425511, 0.00794667, 0.809834, 0.586606, 9.32587e-15, 0.0197423, 5.58794e-09)
bones/82/enabled = true
bones/82/position = Vector3(9.32587e-15, 0.0197423, 5.58794e-09)
bones/82/rotation = Quaternion(0.398131, 0.219519, 0.437687, 0.775714)
bones/82/scale = Vector3(1, 1, 1)
bones/83/name = "oris07.L"
bones/83/parent = 82
bones/83/rest = Transform3D(0.646125, -0.00290061, -0.763226, -0.120339, 0.987098, -0.105627, 0.753685, 0.160094, 0.637439, 1.76951e-08, 0.0259596, -9.31323e-10)
bones/83/enabled = true
bones/83/position = Vector3(1.76951e-08, 0.0259596, -9.31323e-10)
bones/83/rotation = Quaternion(0.0734648, -0.419385, -0.0324686, 0.904248)
bones/83/scale = Vector3(1, 1, 1)
bones/84/name = "oris06.R"
bones/84/parent = 79
bones/84/rest = Transform3D(0.520482, 0.504246, -0.689082, -0.853835, 0.299842, -0.425511, -0.00794652, 0.809834, 0.586605, 9.32587e-15, 0.0197423, 5.58794e-09)
bones/84/enabled = true
bones/84/position = Vector3(9.32587e-15, 0.0197423, 5.58794e-09)
bones/84/rotation = Quaternion(0.398132, -0.219519, -0.437687, 0.775714)
bones/84/scale = Vector3(1, 1, 1)
bones/85/name = "oris07.R"
bones/85/parent = 84
bones/85/rest = Transform3D(0.646125, 0.00290066, 0.763226, 0.120339, 0.987097, -0.105627, -0.753685, 0.160094, 0.637439, 1.49012e-08, 0.0259596, -4.65661e-09)
bones/85/enabled = true
bones/85/position = Vector3(1.49012e-08, 0.0259596, -4.65661e-09)
bones/85/rotation = Quaternion(0.0734648, 0.419385, 0.0324686, 0.904248)
bones/85/scale = Vector3(1, 1, 1)
bones/86/name = "tongue00"
bones/86/parent = 78
bones/86/rest = Transform3D(-1, 1.06581e-14, -1.50996e-07, -3.94103e-08, -0.965338, 0.261003, -1.45762e-07, 0.261003, 0.965338, 1.32471e-17, 0.0937498, 2.98023e-08)
bones/86/enabled = true
bones/86/position = Vector3(1.32471e-17, 0.0937498, 2.98023e-08)
bones/86/rotation = Quaternion(7.48408e-08, -0.131647, -0.991297, 9.93909e-09)
bones/86/scale = Vector3(1, 1, 1)
bones/87/name = "tongue01"
bones/87/parent = 86
bones/87/rest = Transform3D(1, 1.11856e-07, 1.88852e-07, -6.47625e-08, -0.671735, 0.740791, 2.09721e-07, -0.740791, -0.671735, -1.33227e-15, 0.067688, -8.9407e-08)
bones/87/enabled = true
bones/87/position = Vector3(-1.33227e-15, 0.067688, -8.9407e-08)
bones/87/rotation = Quaternion(-0.914258, -1.28776e-08, -1.08988e-07, 0.405133)
bones/87/scale = Vector3(1, 1, 1)
bones/88/name = "tongue02"
bones/88/parent = 87
bones/88/rest = Transform3D(1, 1.18736e-08, 8.09515e-10, -1.18735e-08, 0.990734, 0.135817, 8.10616e-10, -0.135817, 0.990734, -1.20459e-14, 0.0296737, -1.67638e-08)
bones/88/enabled = true
bones/88/position = Vector3(-1.20459e-14, 0.0296737, -1.67638e-08)
bones/88/rotation = Quaternion(-0.0680663, -2.75948e-13, -5.95056e-09, 0.997681)
bones/88/scale = Vector3(1, 1, 1)
bones/89/name = "tongue03"
bones/89/parent = 88
bones/89/rest = Transform3D(0.748595, 0.0522602, -0.660965, 0.0988892, 0.976938, 0.189243, 0.655612, -0.207028, 0.726163, 2.88658e-15, 0.0206367, -7.07805e-08)
bones/89/enabled = true
bones/89/position = Vector3(2.88658e-15, 0.0206367, -7.07805e-08)
bones/89/rotation = Quaternion(-0.106646, -0.354324, 0.012549, 0.928937)
bones/89/scale = Vector3(1, 1, 1)
bones/90/name = "tongue04"
bones/90/parent = 89
bones/90/rest = Transform3D(0.600983, -0.643549, 0.473988, -0.036605, 0.570248, 0.820657, -0.798423, -0.510551, 0.319152, -1.95578e-08, 0.0144469, -2.28756e-08)
bones/90/enabled = true
bones/90/position = Vector3(-1.95578e-08, 0.0144469, -2.28756e-08)
bones/90/rotation = Quaternion(-0.421777, 0.403148, 0.192303, 0.789047)
bones/90/scale = Vector3(1, 1, 1)
bones/91/name = "tongue07.L"
bones/91/parent = 89
bones/91/rest = Transform3D(-0.519528, -0.828987, -0.207054, -0.466233, 0.0719615, 0.88173, -0.716043, 0.554619, -0.423887, -1.95578e-08, 0.0144469, -2.28756e-08)
bones/91/enabled = true
bones/91/position = Vector3(-1.95578e-08, 0.0144469, -2.28756e-08)
bones/91/rotation = Quaternion(-0.456179, 0.70982, 0.505885, 0.179267)
bones/91/scale = Vector3(1, 1, 1)
bones/92/name = "tongue07.R"
bones/92/parent = 89
bones/92/rest = Transform3D(0.621946, 0.630711, -0.464099, 0.458095, 0.187621, 0.868877, 0.635085, -0.752996, -0.172236, -1.95578e-08, 0.0144469, -2.28756e-08)
bones/92/enabled = true
bones/92/position = Vector3(-1.95578e-08, 0.0144469, -2.28756e-08)
bones/92/rotation = Quaternion(-0.633751, -0.429509, -0.06745, 0.639791)
bones/92/scale = Vector3(1, 1, 1)
bones/93/name = "tongue06.L"
bones/93/parent = 88
bones/93/rest = Transform3D(-0.0221643, -0.999085, 0.0365801, -0.390093, 0.0423313, 0.919802, -0.920509, 0.00611717, -0.390674, 2.88658e-15, 0.0206367, -7.07805e-08)
bones/93/enabled = true
bones/93/position = Vector3(2.88658e-15, 0.0206367, -7.07805e-08)
bones/93/rotation = Quaternion(-0.575799, 0.603152, 0.383783, 0.396703)
bones/93/scale = Vector3(1, 1, 1)
bones/94/name = "tongue06.R"
bones/94/parent = 88
bones/94/rest = Transform3D(-0.0221646, 0.999085, -0.03658, 0.390093, 0.0423313, 0.919802, 0.920509, 0.00611737, -0.390674, 2.88658e-15, 0.0206367, -7.07805e-08)
bones/94/enabled = true
bones/94/position = Vector3(2.88658e-15, 0.0206367, -7.07805e-08)
bones/94/rotation = Quaternion(-0.575799, -0.603152, -0.383784, 0.396703)
bones/94/scale = Vector3(1, 1, 1)
bones/95/name = "tongue05.L"
bones/95/parent = 87
bones/95/rest = Transform3D(0.0281746, -0.984902, 0.170806, -0.245863, 0.158797, 0.956209, -0.968895, -0.0689357, -0.237676, -1.20459e-14, 0.0296737, -1.67638e-08)
bones/95/enabled = true
bones/95/position = Vector3(-1.20459e-14, 0.0296737, -1.67638e-08)
bones/95/rotation = Quaternion(-0.526083, 0.584871, 0.37926, 0.487159)
bones/95/scale = Vector3(1, 1, 1)
bones/96/name = "tongue05.R"
bones/96/parent = 87
bones/96/rest = Transform3D(0.0281744, 0.984902, -0.170806, 0.245863, 0.158797, 0.956209, 0.968895, -0.0689355, -0.237677, -1.20459e-14, 0.0296737, -1.67638e-08)
bones/96/enabled = true
bones/96/position = Vector3(-1.20459e-14, 0.0296737, -1.67638e-08)
bones/96/rotation = Quaternion(-0.526083, -0.584872, -0.37926, 0.487159)
bones/96/scale = Vector3(1, 1, 1)
bones/97/name = "levator02.L"
bones/97/parent = 77
bones/97/rest = Transform3D(-0.687652, 0.644613, -0.334079, -0.300336, -0.671478, -0.677434, -0.661009, -0.365503, 0.655343, 0.00347, 0.00898868, 0.139496)
bones/97/enabled = true
bones/97/position = Vector3(0.00347, 0.00898868, 0.139496)
bones/97/rotation = Quaternion(0.286567, 0.300346, -0.868112, 0.272128)
bones/97/scale = Vector3(1, 1, 1)
bones/98/name = "levator03.L"
bones/98/parent = 97
bones/98/rest = Transform3D(0.981968, 0.163966, 0.0940928, -0.105914, 0.889444, -0.444603, -0.15659, 0.426621, 0.890772, 9.12696e-08, 0.0261705, -7.91624e-09)
bones/98/enabled = true
bones/98/position = Vector3(9.12696e-08, 0.0261705, -7.91624e-09)
bones/98/rotation = Quaternion(0.224585, 0.0646211, -0.0695698, 0.969818)
bones/98/scale = Vector3(1, 1, 1)
bones/99/name = "levator04.L"
bones/99/parent = 98
bones/99/rest = Transform3D(0.965015, 0.141743, 0.22058, -0.144629, 0.989481, -0.00309629, -0.218698, -0.0289143, 0.975364, 5.58794e-09, 0.0179519, 2.79397e-08)
bones/99/enabled = true
bones/99/position = Vector3(5.58794e-09, 0.0179519, 2.79397e-08)
