[gd_scene format=3 uid="uid://bf0cc7jbfe7aw"]

[node name="Skeleton3D" type="Skeleton3D"]
bones/0/name = "Root"
bones/0/parent = -1
bones/0/rest = Transform3D(0.310305, -0.0276335, -0.950239, -0.934891, 0.172308, -0.310306, 0.172308, 0.984656, 0.0276337, 0, -0.000562519, -0.0265799)
bones/0/enabled = true
bones/0/position = Vector3(0, -0.000562519, -0.0265799)
bones/0/rotation = Quaternion(0.526869, -0.456719, -0.369128, 0.61446)
bones/0/scale = Vector3(1, 1, 1)
bones/1/name = "pelvis"
bones/1/parent = 0
bones/1/rest = Transform3D(0.310305, -0.908205, -0.280847, -0.0276353, -0.303924, 0.952295, -0.950235, -0.287741, -0.119408, -0.825909, 0.193924, -0.275345)
bones/1/enabled = true
bones/1/position = Vector3(-0.825909, 0.193924, -0.275345)
bones/1/rotation = Quaternion(-0.658338, 0.35538, 0.467496, 0.470897)
bones/1/scale = Vector3(1, 1, 1)
bones/2/name = "spine_01"
bones/2/parent = 1
bones/2/rest = Transform3D(1, -1.39715e-06, -1.48572e-06, -1.49016e-07, 0.676484, -0.736457, 2.03401e-06, 0.736457, 0.676484, -6.66134e-14, 0.0519192, -4.65662e-09)
bones/2/enabled = true
bones/2/position = Vector3(-6.66134e-14, 0.0519192, -4.65662e-09)
bones/2/rotation = Quaternion(0.402191, -9.61089e-07, 3.40813e-07, 0.915556)
bones/2/scale = Vector3(1, 1, 1)
bones/3/name = "spine_02"
bones/3/parent = 2
bones/3/rest = Transform3D(1, -1.53842e-12, 7.15677e-12, -1.11443e-13, 0.974354, 0.22502, -7.3194e-12, -0.22502, 0.974354, 3.20097e-16, 0.0722533, 7.45058e-09)
bones/3/enabled = true
bones/3/position = Vector3(3.20097e-16, 0.0722533, 7.45058e-09)
bones/3/rotation = Quaternion(-0.113238, 3.64247e-12, 3.59055e-13, 0.993568)
bones/3/scale = Vector3(1, 1, 1)
bones/4/name = "spine_03"
bones/4/parent = 3
bones/4/rest = Transform3D(1, -5.91089e-15, -8.30523e-15, 8.29092e-15, 0.94562, 0.325273, 5.93094e-15, -0.325273, 0.94562, 3.15662e-18, 0.0936591, -1.11759e-08)
bones/4/enabled = true
bones/4/position = Vector3(3.15662e-18, 0.0936591, -1.11759e-08)
bones/4/rotation = Quaternion(-0.164893, -3.60844e-15, 3.59973e-15, 0.986311)
bones/4/scale = Vector3(1, 1, 1)
bones/5/name = "clavicle_l"
bones/5/parent = 4
bones/5/rest = Transform3D(-0.00657022, 0.931568, 0.363507, -0.946524, 0.111466, -0.302765, -0.322565, -0.346057, 0.88102, 0.0265549, 0.224903, 0.0930327)
bones/5/enabled = true
bones/5/position = Vector3(0.0265549, 0.224903, 0.0930327)
bones/5/rotation = Quaternion(-0.0153602, 0.243422, -0.666356, 0.704613)
bones/5/scale = Vector3(1, 1, 1)
bones/6/name = "upperarm_l"
bones/6/parent = 5
bones/6/rest = Transform3D(0.627641, 0.761337, -0.162582, -0.766983, 0.568925, -0.29675, -0.13343, 0.31095, 0.941013, -6.60075e-08, 0.151526, -1.58325e-08)
bones/6/enabled = true
bones/6/position = Vector3(-6.60075e-08, 0.151526, -1.58325e-08)
bones/6/rotation = Quaternion(0.171539, -0.00822866, -0.431407, 0.885661)
bones/6/scale = Vector3(1, 1, 1)
bones/7/name = "lowerarm_l"
bones/7/parent = 6
bones/7/rest = Transform3D(0.982451, -0.0495153, 0.17983, 0.164649, 0.683244, -0.711385, -0.0876433, 0.728509, 0.679406, -4.02797e-08, 0.227614, -5.58794e-09)
bones/7/enabled = true
bones/7/position = Vector3(-4.02797e-08, 0.227614, -5.58794e-09)
bones/7/rotation = Quaternion(0.393637, 0.0731216, 0.058548, 0.914481)
bones/7/scale = Vector3(1, 1, 1)
bones/8/name = "hand_l"
bones/8/parent = 7
bones/8/rest = Transform3D(0.702937, 0.587629, -0.400714, -0.605002, 0.790228, 0.0975336, 0.373969, 0.173873, 0.910997, 1.96742e-08, 0.226315, -6.70552e-08)
bones/8/enabled = true
bones/8/position = Vector3(1.96742e-08, 0.226315, -6.70552e-08)
bones/8/rotation = Quaternion(0.0206877, -0.209937, -0.3232, 0.922518)
bones/8/scale = Vector3(1, 1, 1)
bones/9/name = "index_01_l"
bones/9/parent = 8
bones/9/rest = Transform3D(-0.666651, -0.247186, 0.703189, -0.0194589, 0.94886, 0.315097, -0.745116, 0.196376, -0.637369, -0.0306362, 0.0900795, 0.030658)
bones/9/enabled = true
bones/9/position = Vector3(-0.0306362, 0.0900795, 0.030658)
bones/9/rotation = Quaternion(-0.0739212, 0.901787, 0.141794, 0.40151)
bones/9/scale = Vector3(1, 1, 1)
bones/10/name = "index_02_l"
bones/10/parent = 9
bones/10/rest = Transform3D(0.999796, -0.0153993, 0.0130288, 0.0176769, 0.98001, -0.198161, -0.00971683, 0.198352, 0.980083, 2.23517e-08, 0.0251998, 5.96046e-08)
bones/10/enabled = true
bones/10/position = Vector3(2.23517e-08, 0.0251998, 5.96046e-08)
bones/10/rotation = Quaternion(0.099629, 0.00571514, 0.00831084, 0.994974)
bones/10/scale = Vector3(1, 1, 1)
bones/11/name = "index_03_l"
bones/11/parent = 10
bones/11/rest = Transform3D(0.985278, -0.0115701, 0.170569, 0.0167838, 0.999434, -0.0291566, -0.170135, 0.0315901, 0.984914, -2.98023e-08, 0.0226366, -1.04308e-07)
bones/11/enabled = true
bones/11/position = Vector3(-2.98023e-08, 0.0226366, -1.04308e-07)
bones/11/rotation = Quaternion(0.0152447, 0.0855012, 0.00711554, 0.996196)
bones/11/scale = Vector3(1, 1, 1)
bones/12/name = "middle_01_l"
bones/12/parent = 8
bones/12/rest = Transform3D(-0.631475, -0.387236, 0.67178, -0.302509, 0.92075, 0.24639, -0.713952, -0.0476303, -0.698572, -0.0375848, 0.0885163, 0.00705605)
bones/12/enabled = true
bones/12/position = Vector3(-0.0375848, 0.0885163, 0.00705605)
bones/12/rotation = Quaternion(-0.191277, 0.901498, 0.0551194, 0.384286)
bones/12/scale = Vector3(1, 1, 1)
bones/13/name = "middle_02_l"
bones/13/parent = 12
bones/13/rest = Transform3D(0.972319, -0.129487, -0.194497, 0.0952875, 0.979779, -0.175934, 0.213345, 0.152531, 0.964997, 3.07336e-08, 0.0318434, 5.21541e-08)
bones/13/enabled = true
bones/13/position = Vector3(3.07336e-08, 0.0318434, 5.21541e-08)
bones/13/rotation = Quaternion(0.0829805, -0.103034, 0.0567851, 0.989583)
bones/13/scale = Vector3(1, 1, 1)
bones/14/name = "middle_03_l"
bones/14/parent = 13
bones/14/rest = Transform3D(0.972408, 0.0260585, 0.231827, -0.0243632, 0.999651, -0.0101734, -0.232012, 0.00424467, 0.972704, -2.98023e-08, 0.0249745, -1.49012e-08)
bones/14/enabled = true
bones/14/position = Vector3(-2.98023e-08, 0.0249745, -1.49012e-08)
bones/14/rotation = Quaternion(0.00362967, 0.116769, -0.0126934, 0.993071)
bones/14/scale = Vector3(1, 1, 1)
bones/15/name = "pinky_01_l"
bones/15/parent = 8
bones/15/rest = Transform3D(-0.136302, -0.295462, 0.945581, -0.359853, 0.904059, 0.230616, -0.922999, -0.308837, -0.229548, -0.0436771, 0.0722315, -0.0289533)
bones/15/enabled = true
bones/15/position = Vector3(-0.0436771, 0.0722315, -0.0289533)
bones/15/rotation = Quaternion(-0.217478, 0.753311, -0.0259591, 0.620123)
bones/15/scale = Vector3(1, 1, 1)
bones/16/name = "pinky_02_l"
bones/16/parent = 15
bones/16/rest = Transform3D(0.999412, 0.00122589, 0.0342744, 0.00347304, 0.990606, -0.136702, -0.0341201, 0.13674, 0.990019, -2.98023e-08, 0.0215191, 2.98023e-08)
bones/16/enabled = true
bones/16/position = Vector3(-2.98023e-08, 0.0215191, 2.98023e-08)
bones/16/rotation = Quaternion(0.0685317, 0.0171415, 0.000563194, 0.997502)
bones/16/scale = Vector3(1, 1, 1)
bones/17/name = "pinky_03_l"
bones/17/parent = 16
bones/17/rest = Transform3D(0.997871, 0.0290019, -0.0584162, -0.0304753, 0.999235, -0.0244912, 0.0576612, 0.0262193, 0.997992, 2.98023e-08, 0.0142035, -1.11759e-08)
bones/17/enabled = true
bones/17/position = Vector3(2.98023e-08, 0.0142035, -1.11759e-08)
bones/17/rotation = Quaternion(0.0126854, -0.0290371, -0.0148784, 0.999387)
bones/17/scale = Vector3(1, 1, 1)
bones/18/name = "ring_01_l"
bones/18/parent = 8
bones/18/rest = Transform3D(-0.475444, -0.438898, 0.762445, -0.412629, 0.876674, 0.247348, -0.776976, -0.197007, -0.597911, -0.0426894, 0.0807902, -0.010736)
bones/18/enabled = true
bones/18/position = Vector3(-0.0426894, 0.0807902, -0.010736)
bones/18/rotation = Quaternion(-0.247888, 0.858782, 0.0146547, 0.44814)
bones/18/scale = Vector3(1, 1, 1)
bones/19/name = "ring_02_l"
bones/19/parent = 18
bones/19/rest = Transform3D(0.98087, -0.127631, -0.146983, 0.0977906, 0.975945, -0.194856, 0.168316, 0.176755, 0.969756, 0, 0.0281658, 7.45058e-08)
bones/19/enabled = true
bones/19/position = Vector3(0, 0.0281658, 7.45058e-08)
bones/19/rotation = Quaternion(0.0937676, -0.0795584, 0.0568798, 0.990779)
bones/19/scale = Vector3(1, 1, 1)
bones/20/name = "ring_03_l"
bones/20/parent = 19
bones/20/rest = Transform3D(0.981529, 0.0542274, 0.183468, -0.0529668, 0.998527, -0.0117682, -0.183836, 0.00183315, 0.982955, 0, 0.0236902, -2.98023e-08)
bones/20/enabled = true
bones/20/position = Vector3(0, 0.0236902, -2.98023e-08)
bones/20/rotation = Quaternion(0.00341618, 0.0922535, -0.0269233, 0.995366)
bones/20/scale = Vector3(1, 1, 1)
bones/21/name = "thumb_01_l"
bones/21/parent = 8
bones/21/rest = Transform3D(-0.95318, 0.224725, -0.202352, 0.0526346, 0.782222, 0.620772, 0.297787, 0.581057, -0.757427, 0.00581148, 0.0372122, 0.0189341)
bones/21/enabled = true
bones/21/position = Vector3(0.00581148, 0.0372122, 0.0189341)
bones/21/rotation = Quaternion(-0.0742035, -0.934456, -0.321532, 0.133805)
bones/21/scale = Vector3(1, 1, 1)
bones/22/name = "thumb_02_l"
bones/22/parent = 21
bones/22/rest = Transform3D(0.999742, -0.00888985, 0.0208773, 0.0134616, 0.973026, -0.230302, -0.0182668, 0.230524, 0.972895, 2.98023e-08, 0.0263927, 7.26432e-08)
bones/22/enabled = true
bones/22/position = Vector3(2.98023e-08, 0.0263927, 7.26432e-08)
bones/22/rotation = Quaternion(0.115997, 0.00985315, 0.00562621, 0.993185)
bones/22/scale = Vector3(1, 1, 1)
bones/23/name = "thumb_03_l"
bones/23/parent = 22
bones/23/rest = Transform3D(0.832556, -0.0099701, -0.553852, -0.0315357, 0.997363, -0.0653587, 0.553043, 0.0718809, 0.830046, 0, 0.0359244, 5.96046e-08)
bones/23/enabled = true
bones/23/position = Vector3(0, 0.0359244, 5.96046e-08)
bones/23/rotation = Quaternion(0.0358683, -0.289293, -0.00563629, 0.956552)
bones/23/scale = Vector3(1, 1, 1)
bones/24/name = "clavicle_r"
bones/24/parent = 4
bones/24/rest = Transform3D(-0.0065676, -0.931569, -0.363506, 0.946524, 0.111469, -0.302765, 0.322566, -0.346056, 0.88102, -0.0265549, 0.224903, 0.0930328)
bones/24/enabled = true
bones/24/position = Vector3(-0.0265549, 0.224903, 0.0930328)
bones/24/rotation = Quaternion(-0.0153598, -0.243422, 0.666356, 0.704614)
bones/24/scale = Vector3(1, 1, 1)
bones/25/name = "upperarm_r"
bones/25/parent = 24
bones/25/rest = Transform3D(0.62764, -0.761338, 0.162583, 0.766984, 0.568924, -0.29675, 0.13343, 0.31095, 0.941013, -1.07102e-08, 0.151526, 1.21072e-08)
bones/25/enabled = true
bones/25/position = Vector3(-1.07102e-08, 0.151526, 1.21072e-08)
bones/25/rotation = Quaternion(0.171539, 0.00822922, 0.431408, 0.88566)
bones/25/scale = Vector3(1, 1, 1)
bones/26/name = "lowerarm_r"
bones/26/parent = 25
bones/26/rest = Transform3D(0.982451, 0.0495155, -0.17983, -0.164649, 0.683244, -0.711385, 0.0876432, 0.728509, 0.679406, -9.37143e-08, 0.227614, 3.72529e-09)
bones/26/enabled = true
bones/26/position = Vector3(-9.37143e-08, 0.227614, 3.72529e-09)
bones/26/rotation = Quaternion(0.393637, -0.0731216, -0.0585481, 0.914481)
bones/26/scale = Vector3(1, 1, 1)
bones/27/name = "hand_r"
bones/27/parent = 26
bones/27/rest = Transform3D(0.702936, -0.58763, 0.400714, 0.605002, 0.790227, 0.0975346, -0.373969, 0.173872, 0.910997, -7.53207e-08, 0.226315, -6.70552e-08)
bones/27/enabled = true
bones/27/position = Vector3(-7.53207e-08, 0.226315, -6.70552e-08)
bones/27/rotation = Quaternion(0.0206873, 0.209937, 0.3232, 0.922518)
bones/27/scale = Vector3(1, 1, 1)
bones/28/name = "index_01_r"
bones/28/parent = 27
bones/28/rest = Transform3D(-0.666651, 0.247186, -0.70319, 0.0194587, 0.94886, 0.315097, 0.745116, 0.196377, -0.637368, 0.0306363, 0.0900795, 0.030658)
bones/28/enabled = true
bones/28/position = Vector3(0.0306363, 0.0900795, 0.030658)
bones/28/rotation = Quaternion(-0.0739213, -0.901787, -0.141795, 0.40151)
bones/28/scale = Vector3(1, 1, 1)
bones/29/name = "index_02_r"
bones/29/parent = 28
bones/29/rest = Transform3D(0.999797, 0.0153991, -0.0130295, -0.0176768, 0.98001, -0.198162, 0.00971752, 0.198352, 0.980083, -2.23517e-08, 0.0251999, 1.04308e-07)
bones/29/enabled = true
bones/29/position = Vector3(-2.23517e-08, 0.0251999, 1.04308e-07)
bones/29/rotation = Quaternion(0.0996293, -0.00571548, -0.00831075, 0.994974)
bones/29/scale = Vector3(1, 1, 1)
bones/30/name = "index_03_r"
bones/30/parent = 29
bones/30/rest = Transform3D(0.985278, 0.0115701, -0.170569, -0.0167838, 0.999434, -0.0291565, 0.170135, 0.0315901, 0.984914, 0, 0.0226367, 5.96046e-08)
bones/30/enabled = true
bones/30/position = Vector3(0, 0.0226367, 5.96046e-08)
bones/30/rotation = Quaternion(0.0152447, -0.0855013, -0.00711554, 0.996196)
bones/30/scale = Vector3(1, 1, 1)
bones/31/name = "middle_01_r"
bones/31/parent = 27
bones/31/rest = Transform3D(-0.631474, 0.387236, -0.67178, 0.302509, 0.920749, 0.246391, 0.713953, -0.0476297, -0.698572, 0.0375849, 0.0885163, 0.00705604)
bones/31/enabled = true
bones/31/position = Vector3(0.0375849, 0.0885163, 0.00705604)
bones/31/rotation = Quaternion(-0.191277, -0.901498, -0.0551198, 0.384286)
bones/31/scale = Vector3(1, 1, 1)
bones/32/name = "middle_02_r"
bones/32/parent = 31
bones/32/rest = Transform3D(0.972319, 0.129486, 0.194496, -0.0952872, 0.979779, -0.175934, -0.213344, 0.152531, 0.964997, 1.39698e-08, 0.0318435, 8.9407e-08)
bones/32/enabled = true
bones/32/position = Vector3(1.39698e-08, 0.0318435, 8.9407e-08)
bones/32/rotation = Quaternion(0.0829807, 0.103033, -0.0567849, 0.989583)
bones/32/scale = Vector3(1, 1, 1)
bones/33/name = "middle_03_r"
bones/33/parent = 32
bones/33/rest = Transform3D(0.972408, -0.0260586, -0.231828, 0.0243633, 0.999651, -0.0101735, 0.232012, 0.00424468, 0.972704, 0, 0.0249745, -2.98023e-08)
bones/33/enabled = true
bones/33/position = Vector3(0, 0.0249745, -2.98023e-08)
bones/33/rotation = Quaternion(0.00362968, -0.116769, 0.0126934, 0.993071)
bones/33/scale = Vector3(1, 1, 1)
bones/34/name = "pinky_01_r"
bones/34/parent = 27
bones/34/rest = Transform3D(-0.136301, 0.295462, -0.945581, 0.359853, 0.904059, 0.230616, 0.923, -0.308837, -0.229547, 0.0436772, 0.0722315, -0.0289532)
bones/34/enabled = true
bones/34/position = Vector3(0.0436772, 0.0722315, -0.0289532)
bones/34/rotation = Quaternion(-0.217478, -0.753311, 0.0259588, 0.620123)
bones/34/scale = Vector3(1, 1, 1)
bones/35/name = "pinky_02_r"
bones/35/parent = 34
bones/35/rest = Transform3D(0.999412, -0.00122624, -0.0342762, -0.00347295, 0.990606, -0.136702, 0.0341219, 0.136741, 0.990019, -2.98023e-08, 0.021519, 4.47035e-08)
bones/35/enabled = true
bones/35/position = Vector3(-2.98023e-08, 0.021519, 4.47035e-08)
bones/35/rotation = Quaternion(0.0685318, -0.0171424, -0.000563085, 0.997501)
bones/35/scale = Vector3(1, 1, 1)
bones/36/name = "pinky_03_r"
bones/36/parent = 35
bones/36/rest = Transform3D(0.997871, -0.0290019, 0.0584163, 0.0304753, 0.999236, -0.0244913, -0.0576613, 0.0262194, 0.997992, 0, 0.0142034, 3.35276e-08)
bones/36/enabled = true
bones/36/position = Vector3(0, 0.0142034, 3.35276e-08)
bones/36/rotation = Quaternion(0.0126855, 0.0290372, 0.0148784, 0.999387)
bones/36/scale = Vector3(1, 1, 1)
bones/37/name = "ring_01_r"
bones/37/parent = 27
bones/37/rest = Transform3D(-0.475444, 0.438898, -0.762445, 0.412628, 0.876674, 0.247348, 0.776976, -0.197006, -0.597911, 0.0426894, 0.0807903, -0.010736)
bones/37/enabled = true
bones/37/position = Vector3(0.0426894, 0.0807903, -0.010736)
bones/37/rotation = Quaternion(-0.247888, -0.858782, -0.0146551, 0.448141)
bones/37/scale = Vector3(1, 1, 1)
bones/38/name = "ring_02_r"
bones/38/parent = 37
bones/38/rest = Transform3D(0.98087, 0.12763, 0.146982, -0.0977905, 0.975945, -0.194857, -0.168316, 0.176756, 0.969756, -2.98023e-08, 0.0281659, 2.23517e-08)
bones/38/enabled = true
bones/38/position = Vector3(-2.98023e-08, 0.0281659, 2.23517e-08)
bones/38/rotation = Quaternion(0.0937677, 0.079558, -0.0568797, 0.990779)
bones/38/scale = Vector3(1, 1, 1)
bones/39/name = "ring_03_r"
bones/39/parent = 38
bones/39/rest = Transform3D(0.981529, -0.0542275, -0.183468, 0.0529668, 0.998527, -0.0117684, 0.183836, 0.00183333, 0.982955, -5.96046e-08, 0.0236903, -4.47035e-08)
bones/39/enabled = true
bones/39/position = Vector3(-5.96046e-08, 0.0236903, -4.47035e-08)
bones/39/rotation = Quaternion(0.00341627, -0.0922537, 0.0269233, 0.995366)
bones/39/scale = Vector3(1, 1, 1)
bones/40/name = "thumb_01_r"
bones/40/parent = 27
bones/40/rest = Transform3D(-0.953181, -0.224725, 0.202351, -0.052635, 0.782223, 0.620771, -0.297786, 0.581056, -0.757428, -0.0058114, 0.0372123, 0.018934)
bones/40/enabled = true
bones/40/position = Vector3(-0.0058114, 0.0372123, 0.018934)
bones/40/rotation = Quaternion(-0.0742035, 0.934456, 0.321532, 0.133805)
bones/40/scale = Vector3(1, 1, 1)
bones/41/name = "thumb_02_r"
bones/41/parent = 40
bones/41/rest = Transform3D(0.999742, 0.00888981, -0.0208777, -0.0134617, 0.973026, -0.230302, 0.0182672, 0.230524, 0.972895, 2.23517e-08, 0.0263927, -9.31323e-08)
bones/41/enabled = true
bones/41/position = Vector3(2.23517e-08, 0.0263927, -9.31323e-08)
bones/41/rotation = Quaternion(0.115997, -0.00985336, -0.00562621, 0.993185)
bones/41/scale = Vector3(1, 1, 1)
bones/42/name = "thumb_03_r"
bones/42/parent = 41
bones/42/rest = Transform3D(0.832556, 0.00997004, 0.553852, 0.0315357, 0.997363, -0.0653586, -0.553043, 0.0718808, 0.830046, 1.2666e-07, 0.0359245, -2.23517e-08)
bones/42/enabled = true
bones/42/position = Vector3(1.2666e-07, 0.0359245, -2.23517e-08)
bones/42/rotation = Quaternion(0.0358683, 0.289293, 0.00563631, 0.956552)
bones/42/scale = Vector3(1, 1, 1)
bones/43/name = "neck_01"
bones/43/parent = 4
bones/43/rest = Transform3D(1, -4.47648e-14, -7.81406e-15, 4.05003e-14, 0.955964, -0.293482, 2.06077e-14, 0.293482, 0.955964, 2.64698e-23, 0.306433, 0.0465706)
bones/43/enabled = true
bones/43/position = Vector3(2.64698e-23, 0.306433, 0.0465706)
bones/43/rotation = Quaternion(0.148384, -7.18497e-15, 2.15549e-14, 0.98893)
bones/43/scale = Vector3(1, 1, 1)
bones/44/name = "head"
bones/44/parent = 43
bones/44/rest = Transform3D(1, 5.54517e-15, -2.81726e-14, -1.56025e-15, 0.990219, 0.139521, 2.86708e-14, -0.139521, 0.990219, 0, 0.108865, 3.72529e-09)
bones/44/enabled = true
bones/44/position = Vector3(0, 0.108865, 3.72529e-09)
bones/44/rotation = Quaternion(-0.0699318, -1.42457e-14, -1.78072e-15, 0.997552)
bones/44/scale = Vector3(1, 1, 1)
bones/45/name = "thigh_l"
bones/45/parent = 1
bones/45/rest = Transform3D(0.893222, 0.113346, -0.435094, 0.276957, -0.90102, 0.333852, -0.354188, -0.418706, -0.836204, 0.110365, -0.0203267, -0.0130705)
bones/45/enabled = true
bones/45/position = Vector3(0.110365, -0.0203267, -0.0130705)
bones/45/rotation = Quaternion(-0.952686, -0.102422, 0.20712, 0.197483)
bones/45/scale = Vector3(1, 1, 1)
bones/46/name = "calf_l"
bones/46/parent = 45
bones/46/rest = Transform3D(0.861795, 0.102294, 0.496835, -0.0391987, 0.989956, -0.135831, -0.505739, 0.0975833, 0.857149, 4.65661e-09, 0.421277, 1.86265e-09)
bones/46/enabled = true
bones/46/position = Vector3(4.65661e-09, 0.421277, 1.86265e-09)
bones/46/rotation = Quaternion(0.0606003, 0.260294, -0.0367352, 0.962925)
bones/46/scale = Vector3(1, 1, 1)
bones/47/name = "foot_l"
bones/47/parent = 46
bones/47/rest = Transform3D(0.968601, -0.0100667, -0.248415, 0.232624, 0.3893, 0.891253, 0.0877359, -0.921056, 0.379418, 2.61207e-09, 0.381732, -1.28057e-09)
bones/47/enabled = true
bones/47/position = Vector3(2.61207e-09, 0.381732, -1.28057e-09)
bones/47/rotation = Quaternion(-0.547696, -0.101588, 0.0733432, 0.827242)
bones/47/scale = Vector3(1, 1, 1)
bones/48/name = "ball_l"
bones/48/parent = 47
bones/48/rest = Transform3D(0.484044, -0.0969989, -0.869651, 0.55024, 0.806503, 0.216306, 0.680395, -0.583219, 0.443756, -1.01281e-08, 0.138192, -3.72529e-09)
bones/48/enabled = true
bones/48/position = Vector3(-1.01281e-08, 0.138192, -3.72529e-09)
bones/48/rotation = Quaternion(-0.241757, -0.468696, 0.195709, 0.826786)
bones/48/scale = Vector3(1, 1, 1)
bones/49/name = "thigh_r"
bones/49/parent = 1
bones/49/rest = Transform3D(0.893221, -0.113345, 0.435098, -0.276957, -0.901021, 0.333852, 0.354191, -0.418707, -0.836202, -0.110365, -0.0203264, -0.0130707)
bones/49/enabled = true
bones/49/position = Vector3(-0.110365, -0.0203264, -0.0130707)
bones/49/rotation = Quaternion(-0.952686, 0.102421, -0.207122, 0.197483)
bones/49/scale = Vector3(1, 1, 1)
bones/50/name = "calf_r"
bones/50/parent = 49
bones/50/rest = Transform3D(0.861795, -0.102294, -0.496834, 0.0391988, 0.989956, -0.135831, 0.505739, 0.0975834, 0.85715, 7.45058e-09, 0.421277, -1.67638e-08)
bones/50/enabled = true
bones/50/position = Vector3(7.45058e-09, 0.421277, -1.67638e-08)
bones/50/rotation = Quaternion(0.0606004, -0.260294, 0.0367352, 0.962925)
bones/50/scale = Vector3(1, 1, 1)
bones/51/name = "foot_r"
bones/51/parent = 50
bones/51/rest = Transform3D(0.968601, 0.0100666, 0.248415, -0.232624, 0.3893, 0.891253, -0.087736, -0.921056, 0.379418, -1.95432e-08, 0.381732, -1.33878e-09)
bones/51/enabled = true
bones/51/position = Vector3(-1.95432e-08, 0.381732, -1.33878e-09)
bones/51/rotation = Quaternion(-0.547696, 0.101588, -0.0733431, 0.827242)
bones/51/scale = Vector3(1, 1, 1)
bones/52/name = "ball_r"
bones/52/parent = 51
bones/52/rest = Transform3D(0.484044, 0.0969989, 0.86965, -0.55024, 0.806503, 0.216306, -0.680395, -0.583218, 0.443756, 2.30502e-08, 0.138192, -5.12227e-09)
bones/52/enabled = true
bones/52/position = Vector3(2.30502e-08, 0.138192, -5.12227e-09)
bones/52/rotation = Quaternion(-0.241757, 0.468696, -0.195709, 0.826786)
bones/52/scale = Vector3(1, 1, 1)
